tests/tests_xsuite/xsuite_origin/simulation_inputs/wake_potential/heb_wake_round_cu_30.0mm.csv
# %ECSV 1.0
# ---
# datatype:
# - {name: time, datatype: float64}
# - {name: longitudinal, datatype: float64}
# - {name: dipole_x, datatype: float64}
# - {name: dipole_y, datatype: float64}
# meta: !!omap
# - {origin: IW2D}
# - {author: Ali Rajabi}
# - {date of production: 2024/06/01}
# - {comments: Includes only resistive wall for a copper made round pipe}
# - {r_pipe: 0.03}
# schema: astropy-2.0
time longitudinal dipole_x dipole_y
[from data line 3319]
-0.05939309986573906 -107.44190747683075 -0.012124469521649193 -0.012124469521649193
-0.05935973903755561 -109.1720651609134 -0.008037050741655163 -0.008037050741655163
-0.05932637820937217 -110.34219739268728 -0.003858817760477898 -0.003858817760477898
-0.05929301738118872 -110.92850828143952 0.00038899404039536537 0.00038899404039536537
-0.05925965655300529 -110.91110858021865 0.004626633858046671 0.004626633858046671
-0.05922629572482184 -110.27452676463042 0.008878915786696471 0.008878915786696471
-0.059192934896638405 -109.00793766030665 0.013093354911842981 0.013093354911842981
-0.059159574068454956 -107.10553708022765 0.017275976491645344 0.017275976491645344
-0.059126213240271515 -104.56669787716032 0.02137538915493008 0.02137538915493008
-0.059092852412088066 -101.3962247488092 0.025418738841921636 0.025418738841921636
-0.05905949158390463 -97.60427496809244 0.02928861915244111 0.02928861915244111
-0.05902613075572118 -93.2066270700486 0.03305239100518935 0.03305239100518935
-0.05899276992753774 -88.22442153924122 0.03669105345837319 0.03669105345837319
-0.05895940909935429 -82.68401642697573 0.040112663821960985 0.040112663821960985
-0.05892604827117086 -76.61694917883193 0.04333020775528527 0.04333020775528527
-0.05889268744298741 -70.05954820645772 0.04635159102200564 0.04635159102200564
-0.058859326614803975 -63.05256751595867 0.049131115645740686 0.049131115645740686
-0.05882596578662055 -55.640867386797765 0.05166072089774632 0.05166072089774632
-0.05879260495843711 -47.872931923791924 0.05394809520207681 0.05394809520207681
-0.058759244130253664 -39.800286313654155 0.05592065962705385 0.05592065962705385
-0.05872588330207022 -31.477133474570117 0.05761185281193451 0.05761185281193451
-0.058692522473886774 -22.959643213158852 0.05901593172977377 0.05901593172977377
-0.05865916164570334 -14.305364234449653 0.060082081477842615 0.060082081477842615
-0.05862580081751989 -5.572773420940721 0.06088901113146938 0.06088901113146938
-0.058592439989336456 3.1795547472909607 0.06136282026904842 0.06136282026904842
-0.05855907916115301 11.893386012590573 0.06149472204203984 0.06149472204203984
-0.058525718332969566 20.511419642333074 0.06132163499903339 0.06132163499903339
-0.05849235750478612 28.977898772905927 0.06083449855904278 0.06083449855904278
-0.05845899667660268 37.23913734456891 0.06003823387047133 0.06003823387047133
-0.058425635848419234 45.24399242784408 0.058906954749372076 0.058906954749372076
-0.0583922750202358 52.94423868362176 0.057516813263358155 0.057516813263358155
-0.058358914192052344 60.295138168700326 0.055813483969157376 0.055813483969157376
-0.05832555336386891 67.25558095404678 0.05384798071081375 0.05384798071081375
-0.058292192535685475 73.78850412870527 0.05160626515988833 0.05160626515988833
-0.058258831707502026 79.86104622164787 0.04910466156641056 0.04910466156641056
-0.058225470879318585 85.44468607400725 0.04636920534350461 0.04636920534350461
-0.058192110051135136 90.5154009609904 0.043406159337008005 0.043406159337008005
-0.0581587492229517 95.05364130010634 0.040213874767282214 0.040213874767282214
-0.05812538839476825 99.0442534455045 0.036873672039125144 0.036873672039125144
-0.05809202756658482 102.47652212467271 0.03336499143875937 0.03336499143875937
-0.05805866673840137 105.34392065104589 0.029693477998279667 0.029693477998279667
-0.05802530591021793 107.64395463572966 0.025865823218429788 0.025865823218429788
-0.05799194508203448 109.37783942955971 0.021957127413390905 0.021957127413390905
-0.057958584253851045 110.55036020645584 0.017956343494417163 0.017956343494417163
-0.057925223425667596 111.16947079549938 0.01387606199041424 0.01387606199041424
-0.057891862597484155 111.24596736607245 0.009749559435538513 0.009749559435538513
-0.057858501769300706 110.79317043541025 0.005575909549318617 0.005575909549318617
-0.05782514094111727 109.82649001636473 0.001428446784521415 0.001428446784521415
-0.05779178011293382 108.36321122928452 -0.002758308042932979 -0.002758308042932979
-0.05775841928475039 106.42190115093132 -0.006871638997123679 -0.006871638997123679
-0.05772505845656694 104.02234165621503 -0.01096561595223267 -0.01096561595223267
-0.0576916976283835 101.18495916834352 -0.014965590045524923 -0.014965590045524923
-0.05765833680020005 97.93072116383927 -0.018903516232105372 -0.018903516232105372
-0.057624975972016615 94.28071949339575 -0.02274025884499169 -0.02274025884499169
-0.057591615143833166 90.25599347994547 -0.026416610275846426 -0.026416610275846426
-0.05755825431564973 85.87745908758832 -0.030008165949225854 -0.030008165949225854
-0.057524893487466304 81.16553892721407 -0.03345640670955408 -0.03345640670955408
-0.05749153265928287 76.14015530746622 -0.03666953046145675 -0.03666953046145675
-0.05745817183109942 70.82089356851739 -0.03977993668057943 -0.03977993668057943
-0.05742481100291598 65.22659273640056 -0.04267342894704513 -0.04267342894704513
-0.05739145017473253 59.375680913039695 -0.04534549480956535 -0.04534549480956535
-0.057358089346549096 53.286161958170936 -0.04779422990706783 -0.04779422990706783
-0.05732472851836565 46.97583141596747 -0.05008566561126618 -0.05008566561126618
-0.05729136769018221 40.46213240212705 -0.052066467312016876 -0.052066467312016876
-0.05725800686199876 33.762764758556216 -0.053826608796126864 -0.053826608796126864
-0.05722464603381532 26.895585782308487 -0.0553380292376479 -0.0553380292376479
-0.057191285205631874 19.878900253469574 -0.05655030512834305 -0.05655030512834305
-0.05715792437744844 12.731828638616257 -0.05752266875514737 -0.05752266875514737
-0.05712456354926499 5.474373351609262 -0.05823719535386454 -0.05823719535386454
-0.05709120272108155 -1.8723147788402068 -0.05865847508476172 -0.05865847508476172
-0.0570578418928981 -9.285638725588843 -0.05878169663368866 -0.05878169663368866
-0.057024481064714666 -16.74141437958639 -0.05862699251843051 -0.05862699251843051
-0.05699112023653122 -24.213757287836643 -0.05814419362012435 -0.05814419362012435
-0.05695775940834778 -31.674779390712658 -0.057425223753161565 -0.057425223753161565
-0.05692439858016433 -39.09474432712171 -0.05641756157967929 -0.05641756157967929
-0.05689103775198089 -46.441882805566465 -0.05510883757468466 -0.05510883757468466
-0.056857676923797444 -53.682381049676486 -0.05353099132973353 -0.05353099132973353
-0.05682431609561401 -60.780559771833346 -0.0516557210539323 -0.0516557210539323
-0.05679095526743056 -67.6988815021077 -0.04953800705282326 -0.04953800705282326
-0.05675759443924712 -74.39827070129323 -0.04712670401070258 -0.04712670401070258
-0.05672423361106367 -80.83821713901702 -0.04447908345497761 -0.04447908345497761
-0.056690872782880236 -86.9771655158309 -0.04161030172274293 -0.04161030172274293
-0.05665751195469679 -92.7729257472574 -0.03845310005281136 -0.03845310005281136
-0.05662415112651335 -98.18286882723966 -0.03511086882681327 -0.03511086882681327
-0.056590790298329904 -103.1645928099765 -0.03159534380988977 -0.03159534380988977
-0.05655742947014646 -107.67638285146569 -0.027842894865805146 -0.027842894865805146
-0.056524068641963014 -111.67755621523477 -0.023953656667943028 -0.023953656667943028
-0.05649070781377958 -115.12919047315084 -0.01990700327125067 -0.01990700327125067
-0.05645734698559613 -117.99459033607269 -0.01574091641617469 -0.01574091641617469
-0.05642398615741269 -120.23984048163958 -0.011463974822139652 -0.011463974822139652
-0.05639062532922924 -121.83436485578913 -0.007115185847755542 -0.007115185847755542
-0.056357264501045806 -122.75145442437416 -0.0026741914909371727 -0.0026741914909371727
-0.05632390367286236 -122.96871730544746 0.0017924945088917757 0.0017924945088917757
-0.05629054284467892 -122.4685654639462 0.006242104389517144 0.006242104389517144
-0.056257182016495474 -121.23868380161313 0.010694314595316301 0.010694314595316301
-0.05622382118831206 -119.27231499393268 0.015146713190047635 0.015146713190047635
-0.05619046036012861 -116.56841979727307 0.01946187682904132 0.01946187682904132
-0.05615709953194517 -113.1322374885482 0.023716679916426304 0.023716679916426304
-0.05612373870376172 -108.97508581950058 0.02786565638300488 0.02786565638300488
-0.05609037787557829 -104.11452067604817 0.031848015253736255 0.031848015253736255
-0.05605701704739484 -98.57442589171244 0.035682101793183506 0.035682101793183506
-0.056023656219211404 -92.3847379336719 0.03933774469244112 0.03933774469244112
-0.055990295391027955 -85.58129700975725 0.04276243542376394 0.04276243542376394
-0.055956934562844514 -78.20560867079764 0.04593352521185686 0.04593352521185686
-0.05592357373466107 -70.30453271487286 0.04890923615160952 0.04890923615160952
-0.05589021290647763 -61.92959364091707 0.05155895835437759 0.05155895835437759
-0.05585685207829419 -53.1368397709555 0.05395436514970717 0.05395436514970717
-0.05582349125011074 -43.9859872817314 0.05603298027126986 0.05603298027126986
-0.0557901304219273 -34.53995170405384 0.05778010104066213 0.05778010104066213
-0.05575676959374386 -24.864208536377312 0.05921333560649547 0.05921333560649547
-0.055723408765560416 -15.026012784398986 0.06032859668699516 0.06032859668699516
-0.055690047937376974 -5.093754823490507 0.06108356049799748 0.06108356049799748
-0.05565668710919353 4.863755484265664 0.06148941368135796 0.06148941368135796
-0.055623326281010084 14.777967315357488 0.06155033207508203 0.06155033207508203
-0.05558996545282664 24.581324852190573 0.06126577130704976 0.06126577130704976
-0.0555566046246432 34.20791112094704 0.06065022363896267 0.06065022363896267
-0.05552324379645976 43.594097828052305 0.05970190878795863 0.05970190878795863
-0.05548988296827632 52.679144428695615 0.058383635462931474 0.058383635462931474
-0.05545652214009287 61.4056136713242 0.056769040055330636 0.056769040055330636
-0.05542316131190943 69.72001520578696 0.05481402898557716 0.05481402898557716
-0.055389800483725986 77.57305491869455 0.05256967872005431 0.05256967872005431
-0.055356439655542544 84.92006361837838 0.05003940789288599 0.05003940789288599
-0.0553230788273591 91.72119442968669 0.04725777966043902 0.04725777966043902
-0.055289717999175654 97.94169280563403 0.044193598455608364 0.044193598455608364
-0.05525635717099221 103.55184926289094 0.04092294484617019 0.04092294484617019
-0.05522299634280877 108.52721186572097 0.03741745362477803 0.03741745362477803
-0.05518963551462533 112.8484007668905 0.03370901652467584 0.03370901652467584
-0.05515627468644189 116.5010631554739 0.029841872912723055 0.029841872912723055
-0.05512291385825844 119.47572864959523 0.025829829395850393 0.025829829395850393
-0.055089553030075 121.76755386580844 0.021694213331442006 0.021694213331442006
-0.055056192201891556 123.3761059548739 0.0174414259357496 0.0174414259357496
-0.055022831373708114 124.30496035386109 0.013119648179270584 0.013119648179270584
-0.05498947054552467 124.56150338447017 0.008721857759089322 0.008721857759089322
-0.054956109717341224 124.156441230315 0.004305989117537106 0.004305989117537106
-0.05492274888915781 123.10357886099521 -0.00014176499417030446 -0.00014176499417030446
-0.05488938806097437 121.41929313159154 -0.004541065250885408 -0.004541065250885408
-0.05485602723279092 119.12234444347297 -0.008922997441591153 -0.008922997441591153
-0.05482266640460748 116.23342363229308 -0.01324857408587553 -0.01324857408587553
-0.05478930557642404 112.7748067945603 -0.017457835890554305 -0.017457835890554305
-0.054755944748240595 108.77022218867883 -0.02160154966888477 -0.02160154966888477
-0.054722583920057154 104.24435830653881 -0.025592368964535855 -0.025592368964535855
-0.054689223091873705 99.22285961394275 -0.02944557519863887 -0.02944557519863887
-0.054655862263690264 93.73204236411694 -0.03317083596232045 -0.03317083596232045
-0.05462250143550682 87.79868466302811 -0.036666045478344816 -0.036666045478344816
-0.05458914060732338 81.45012977079156 -0.03996469121892321 -0.03996469121892321
-0.05455577977913994 74.71409956647841 -0.04305461086367689 -0.04305461086367689
-0.05452241895095649 67.618731189588 -0.045928460741063985 -0.045928460741063985
-0.05448905812277305 60.192550372328675 -0.048521581889732525 -0.048521581889732525
-0.05445569729458961 52.46468467599703 -0.050869379708984065 -0.050869379708984065
-0.054422336466406165 44.464844870335845 -0.0529812167983089 -0.0529812167983089
-0.054388975638222724 36.22336833461593 -0.054752212029273384 -0.054752212029273384
-0.054355614810039275 27.771641291639675 -0.05626127558458736 -0.05626127558458736
-0.054322253981855834 19.1419635399056 -0.05747177745313578 -0.05747177745313578
-0.05428889315367239 10.367781952353395 -0.05833192813776994 -0.05833192813776994
-0.05425553232548895 1.4839784267745169 -0.058908569366562184 -0.058908569366562184
-0.05422217149730551 -7.473220153579609 -0.05916744145538095 -0.05916744145538095
-0.05418881066912206 -16.466021826216867 -0.059084430097808296 -0.059084430097808296
-0.05415544984093862 -25.454941986139403 -0.05869592019025965 -0.05869592019025965
-0.05412208901275518 -34.39890984984849 -0.05795630636251722 -0.05795630636251722
-0.054088728184571735 -43.25509701699134 -0.05690304028924618 -0.05690304028924618
-0.054055367356388294 -51.979053885218796 -0.05557531694810249 -0.05557531694810249
-0.054022006528204845 -60.52493338865657 -0.053873043587141956 -0.053873043587141956
-0.053988645700021404 -68.84535263222506 -0.05188020958902793 -0.05188020958902793
-0.05395528487183796 -76.89185502393002 -0.04960243662140521 -0.04960243662140521
-0.05392192404365452 -84.61513776678751 -0.04700171218050898 -0.04700171218050898
-0.053888563215471086 -91.96524957650752 -0.04414054806384711 -0.04414054806384711
-0.05385520238728764 -98.89210844757604 -0.04103815669397402 -0.04103815669397402
-0.053821841559104196 -105.34595443845161 -0.03765043534188845 -0.03765043534188845
-0.053788480730920754 -111.27763381310777 -0.03406893059843724 -0.03406893059843724
-0.05375511990273731 -116.63935162502705 -0.030276299747625725 -0.030276299747625725
-0.05372175907455387 -121.38512365288284 -0.026246587630786057 -0.026246587630786057
-0.05368839824637042 -125.47121709412767 -0.022083849026218426 -0.022083849026218426
-0.05365503741818698 -128.8569768391305 -0.017767276460923277 -0.017767276460923277
-0.05362167659000356 -131.50523753531093 -0.013318234060741129 -0.013318234060741129
-0.05358831576182012 -133.38294100433023 -0.008776530502579422 -0.008776530502579422
-0.05355495493363667 -134.46174609843544 -0.004139025147743199 -0.004139025147743199
-0.05352159410545323 -134.71839786208662 0.0004943555098017486 0.0004943555098017486
-0.05348823327726979 -134.1354750687363 0.0051617602654657 0.0051617602654657
-0.053454872449086345 -132.70155806389243 0.009798392342179711 0.009798392342179711
-0.0534215116209029 -130.41181272552464 0.014440245750003614 0.014440245750003614
-0.053388150792719455 -127.26802925691095 0.018966795921156698 0.018966795921156698
-0.05335478996453602 -123.27915235327967 0.02341272706296873 0.02341272706296873
-0.05332142913635258 -118.46113280609744 0.027696114998609706 0.027696114998609706
-0.05328806830816914 -112.8372025957642 0.0318613957502697 0.0318613957502697
-0.05325470747998569 -106.43761974948032 0.03583386815697262 0.03583386815697262
-0.05322134665180225 -99.29962011612747 0.039568336955098024 0.039568336955098024
-0.053187985823618805 -91.46724547646997 0.0431026303054715 0.0431026303054715
-0.053154624995435364 -82.9908257677906 0.046364439377565604 0.046364439377565604
-0.05312126416725192 -73.92667928587836 0.04932741362911972 0.04932741362911972
-0.053087903339068473 -64.33664644706906 0.0520135796098918 0.0520135796098918
-0.05305454251088503 -54.287328663103104 0.054368298717568445 0.054368298717568445
-0.05302118168270159 -43.849642925170436 0.056415535173655065 0.056415535173655065
-0.05298782085451815 -33.097916769754356 0.05808780007044112 0.05808780007044112
-0.05295446002633471 -22.109321110499007 0.05942322397715728 0.05942322397715728
