tests/tests_xsuite/xsuite_origin/simulation_inputs/wake_potential/heb_wake_round_cu_30.0mm.csv
# %ECSV 1.0
# ---
# datatype:
# - {name: time, datatype: float64}
# - {name: longitudinal, datatype: float64}
# - {name: dipole_x, datatype: float64}
# - {name: dipole_y, datatype: float64}
# meta: !!omap
# - {origin: IW2D}
# - {author: Ali Rajabi}
# - {date of production: 2024/06/01}
# - {comments: Includes only resistive wall for a copper made round pipe}
# - {r_pipe: 0.03}
# schema: astropy-2.0
time longitudinal dipole_x dipole_y
[from data line 9906]
0.16035467537859513 8.139864939886587 2.0620289131011935 2.0620289131011935
0.16038803620677855 8.531224782600546 2.0614766912855025 2.0614766912855025
0.16042139703496203 8.911292022675315 2.0609109535113825 2.0609109535113825
0.16045475786314545 9.278711110815012 2.0603659572368365 2.0603659572368365
0.1604881186913289 9.632189266850784 2.0598128464879353 2.0598128464879353
0.16052147951951232 9.970485558748875 2.0592894903797223 2.0592894903797223
0.1605548403476958 10.292460343302542 2.058762018081845 2.058762018081845
0.1605882011758792 10.597070825763335 2.0582316202014845 2.0582316202014845
0.16062156200406266 10.88338081907238 2.0577322023842752 2.0577322023842752
0.1606549228322461 11.150604324015918 2.057248720314169 2.057248720314169
0.16068828366042956 11.398114345295719 2.0567496458261525 2.0567496458261525
0.160721644488613 11.625424784434157 2.0562805447626933 2.0562805447626933
0.16075500531679643 11.832245061903405 2.05584297828953 2.05584297828953
0.16078836614497988 12.018485748887779 2.055381770214782 2.055381770214782
0.16082172697316333 12.184221230954034 2.0549766318715053 2.0549766318715053
0.16085508780134677 12.329779191472573 2.0545427331672372 2.0545427331672372
0.1608884486295302 12.455645444457238 2.0541681657252004 2.0541681657252004
0.16092180945771364 12.562568627735985 2.0537775298666503 2.0537775298666503
0.1609551702858971 12.651471578531313 2.0534199119850887 2.0534199119850887
0.16098853111408054 12.723500196889466 2.0530935619624193 2.0530935619624193
0.161021891942264 12.780012014039842 2.0527684491374028 2.0527684491374028
0.1610552527704474 12.822541347269814 2.0524710006168303 2.0524710006168303
0.1610886135986309 12.852809614064622 2.052204541399569 2.052204541399569
0.1611219744268143 12.87271150561299 2.0519530155062395 2.0519530155062395
0.16115533525499776 12.884293311602384 2.0516961098705657 2.0516961098705657
0.16118869608318118 12.889711581125967 2.0514854822513175 2.0514854822513175
0.16122205691136465 12.891243310541915 2.05132026629116 2.05132026629116
0.16125541773954807 12.891267611308473 2.0511341374145537 2.0511341374145537
0.16128877856773152 12.892185395368866 2.0509965059377513 2.0509965059377513
0.16132213939591497 12.896454505855862 2.05085593298825 2.05085593298825
0.16135550022409842 12.906508967164042 2.0507628554359876 2.0507628554359876
0.16138886105228187 12.924773283047381 2.0506784869971266 2.0506784869971266
0.1614222218804653 12.953596631120961 2.050607341515401 2.050607341515401
0.16145558270864874 12.995223337052314 2.0505883632392923 2.0505883632392923
0.16148894353683219 13.051798215069518 2.050569822785273 2.050569822785273
0.16152230436501563 13.125283769276226 2.05057705068856 2.05057705068856
0.16155566519319906 13.217466807725152 2.050593925013152 2.050593925013152
0.1615890260213825 13.329906633199494 2.050638600737392 2.050638600737392
0.16162238684956595 13.463925315593354 2.0506990649799373 2.0506990649799373
0.1616557476777494 13.620577581337976 2.0507663238390665 2.0507663238390665
0.16168910850593285 13.800610511878991 2.0508652286077305 2.0508652286077305
0.16172246933411627 14.004479766161639 2.0509794989638346 2.0509794989638346
0.1617558301622997 14.23230536611715 2.051100270348746 2.051100270348746
0.1617891909904831 14.483869869793322 2.05124150503233 2.05124150503233
0.16182255181866656 14.758613543288398 2.0513890365210563 2.0513890365210563
0.16185591264685 15.055625448662962 2.0515596888843284 2.0515596888843284
0.16188927347503346 15.373651445979345 2.051751640851911 2.051751640851911
0.1619226343032169 15.711105283004768 2.051942622074548 2.051942622074548
0.16195599513140033 16.066066393812672 2.052145094268569 2.052145094268569
0.16198935595958378 16.43631079827771 2.052344947354877 2.052344947354877
0.16202271678776722 16.819314205032516 2.0525737970764246 2.0525737970764246
0.16205607761595067 17.212305303013807 2.052807567344768 2.052807567344768
0.1620894384441341 17.612280978823698 2.0530275124208246 2.0530275124208246
0.16212279927231754 18.01602793072224 2.0532590717082395 2.0532590717082395
0.162156160100501 18.420176812252386 2.053522178578379 2.053522178578379
0.16218952092868444 18.821250375606294 2.053784496975144 2.053784496975144
0.1622228817568679 19.215692468034664 2.0540430420217914 2.0540430420217914
0.1622562425850513 19.59991493577877 2.0542973797851283 2.0542973797851283
0.16228960341323478 19.97033738677098 2.054567664686703 2.054567664686703
0.1623229642414182 20.3234502916098 2.0548587299189447 2.0548587299189447
0.16235632506960165 20.655855432011204 2.0551502960209667 2.0551502960209667
0.16238968589778507 20.964304212530593 2.0554438822835186 2.0554438822835186
0.16242304672596855 21.245741941897037 2.0557473861196107 2.0557473861196107
0.16245640755415197 21.497356030610636 2.0560492135681283 2.0560492135681283
0.16248976838233542 21.71660301627079 2.0563622432711006 2.0563622432711006
0.16252312921051887 21.901251338444066 2.056667942102729 2.056667942102729
0.16255649003870232 22.049392565302274 2.057010258811473 2.057010258811473
0.16258985086688577 22.159503101047985 2.0573464024374957 2.0573464024374957
0.1626232116950692 22.230422073868304 2.057683885881175 2.057683885881175
0.16265657252325263 22.261377482654662 2.0580612866812595 2.0580612866812595
0.16268993335143608 22.252021578836477 2.058411300783482 2.058411300783482
0.16272329417961953 22.202379650675567 2.058800869259356 2.058800869259356
0.16275665500780295 22.112900803846507 2.0591862376306 2.0591862376306
0.1627900158359864 21.984409202739773 2.0595850397774704 2.0595850397774704
0.16282337666416985 21.818107467618457 2.0599971625552174 2.0599971625552174
0.1628567374923533 21.61556454695421 2.0603909563572214 2.0603909563572214
0.16289009832053675 21.378646058847217 2.0608574906469013 2.0608574906469013
0.16292345914872017 21.109567154344116 2.061306497685453 2.061306497685453
0.16295681997690364 20.81078491492303 2.061754105563108 2.061754105563108
0.16299018080508706 20.48498742588563 2.062243973623758 2.062243973623758
0.1630235416332705 20.1350830383979 2.062726694203288 2.062726694203288
0.16305690246145393 19.764119409417617 2.0632231973587425 2.0632231973587425
0.1630902632896374 19.375270104332206 2.0637381126433243 2.0637381126433243
0.16312362411782083 18.971795070929716 2.0642573362071475 2.0642573362071475
0.16315698494600428 18.55698085653982 2.064798689263375 2.064798689263375
0.16319034577418773 18.134125477806663 2.0653532341798857 2.0653532341798857
0.16322370660237115 17.706491447503932 2.0659114251757558 2.0659114251757558
0.16325706743055463 17.27726319776769 2.06649090725761 2.06649090725761
0.16329042825873805 16.84953340032911 2.067076176731603 2.067076176731603
0.1633237890869215 16.42626250817562 2.0676469058519746 2.0676469058519746
0.16335714991510492 16.010238263200584 2.0682479758473744 2.0682479758473744
0.1633905107432884 15.604087397701255 2.0688548160929776 2.0688548160929776
0.1634238715714718 15.210234012460255 2.069459397317982 2.069459397317982
0.16345723239965526 14.830880425180183 2.070081963540182 2.070081963540182
0.1634905932278387 14.46801924970979 2.0706966749629836 2.0706966749629836
0.16352395405602216 14.123403219427848 2.0713105021626186 2.0713105021626186
0.1635573148842056 13.7985453990866 2.0719385891852546 2.0719385891852546
0.16359067571238903 13.494738443949778 2.072541637369865 2.072541637369865
0.16362403654057248 13.213017647200806 2.0731650097738537 2.0731650097738537
0.16365739736875592 12.95421176163206 2.0737679781778744 2.0737679781778744
0.16369075819693937 12.718911550120149 2.0743685365538975 2.0743685365538975
0.1637241190251228 12.507502406755478 2.0749574611491757 2.0749574611491757
0.16375747985330624 12.320158235672174 2.075554431163213 2.075554431163213
0.1637908406814897 12.156873689392459 2.0761372849551916 2.0761372849551916
0.16382420150967314 12.017459306627186 2.0767102572220613 2.0767102572220613
0.1638575623378566 11.901567331124678 2.0772501498899345 2.0772501498899345
0.16389092316604 11.808683356676362 2.0778020731748192 2.0778020731748192
0.16392428399422349 11.738177007107645 2.0783178259989996 2.0783178259989996
0.1639576448224069 11.689273724783213 2.078834362842995 2.078834362842995
0.16399100565059035 11.661105695242767 2.079316048198387 2.079316048198387
0.16402436647877378 11.652695232315493 2.0797672702242136 2.0797672702242136
0.16405772730695725 11.662972353447898 2.0802135485370776 2.0802135485370776
0.16409108813514067 11.690794390560763 2.0806539794035013 2.0806539794035013
0.16412444896332412 11.734966200614593 2.081041272842476 2.081041272842476
0.16415780979150754 11.794211602203823 2.081408794203625 2.081408794203625
0.16419117061969102 11.86720790730706 2.0817667648127594 2.0817667648127594
0.16422453144787447 11.952598780765108 2.082096298372954 2.082096298372954
0.1642578922760579 12.048980644132563 2.0824086553946834 2.0824086553946834
0.16429125310424134 12.15494137419857 2.08264776492261 2.08264776492261
0.16432461393242478 12.269005956159301 2.082878280357168 2.082878280357168
0.16435797476060818 12.389700690737579 2.0830984388774243 2.0830984388774243
0.16439133558879163 12.51554491998946 2.0832768480598842 2.0832768480598842
0.16442469641697505 12.645035240516036 2.0834290653414 2.0834290653414
0.16445805724515852 12.776670657001048 2.0835445787975644 2.0835445787975644
0.16449141807334194 12.90894823534862 2.083627367126161 2.083627367126161
0.1645247789015254 13.040371856314463 2.0836778824669744 2.0836778824669744
0.1645581397297088 13.169457467531856 2.083701398338201 2.083701398338201
0.1645915005578923 13.29474146924312 2.083695039870597 2.083695039870597
0.1646248613860757 13.414792074438724 2.083635842839294 2.083635842839294
0.16465822221425916 13.528190340547283 2.083567058976807 2.083567058976807
0.16469158304244258 13.633579658622132 2.083454604443383 2.083454604443383
0.16472494387062606 13.729635980954447 2.0833000678131763 2.0833000678131763
0.1647583046988095 13.815084620378052 2.0831419613628577 2.0831419613628577
0.16479166552699293 13.88872817493227 2.0829427821658246 2.0829427821658246
0.16482502635517637 13.949431640132763 2.0827067763986746 2.0827067763986746
0.16485838718335982 13.99613364593011 2.0824269746989437 2.0824269746989437
0.16489174801154327 14.02784711906914 2.0821418480642175 2.0821418480642175
0.1649251088397267 14.04369459970568 2.0818094251649026 2.0818094251649026
0.16495846966791014 14.042874291945331 2.0814530925009262 2.0814530925009262
0.1649918304960936 14.024689995667384 2.0810795908449995 2.0810795908449995
0.16502519132427704 13.988560589881967 2.0806567088935943 2.0806567088935943
0.16505855215246046 13.933991284843792 2.080214977977128 2.080214977977128
0.1650919129806439 13.860605929623084 2.0797666279390925 2.0797666279390925
0.16512527380882738 13.768150223811933 2.0792748018662297 2.0792748018662297
0.1651586346370108 13.656462280159337 2.078769395952796 2.078769395952796
0.16519199546519425 13.525506616284641 2.078218694931942 2.078218694931942
0.16522535629337767 13.375336211167824 2.0776583242597915 2.0776583242597915
0.16525871712156115 13.206116769499344 2.07709913626841 2.07709913626841
0.16529207794974457 13.018131516175604 2.0764812485598925 2.0764812485598925
0.16532543877792802 12.811724765491471 2.075875688354579 2.075875688354579
0.16535879960611144 12.587358097187456 2.0752385043544845 2.0752385043544845
0.16539216043429492 12.345558687647825 2.074590264606967 2.074590264606967
0.16542552126247836 12.086942989925346 2.073906532546818 2.073906532546818
0.16545888209066179 11.812176883985984 2.0732143897328785 2.0732143897328785
0.16549224291884523 11.521988110527406 2.072529780743076 2.072529780743076
0.16552560374702868 11.217164900678878 2.0718420944484564 2.0718420944484564
0.16555896457521213 10.898542830209069 2.071099177698282 2.071099177698282
0.16559232540339555 10.566958893798507 2.0703814412669703 2.0703814412669703
0.165625686231579 10.223307173660995 2.0696397321949993 2.0696397321949993
0.16565904705976245 9.868487290549098 2.068874512162215 2.068874512162215
0.1656924078879459 9.503400561644685 2.068115029452864 2.068115029452864
0.16572576871612932 9.12895794125913 2.0673577995541192 2.0673577995541192
0.16575912954431277 8.746076133800912 2.0665786429241897 2.0665786429241897
0.16579249037249624 8.355651188478069 2.0657902822379484 2.0657902822379484
0.16582585120067966 7.958566759991769 2.065005262761404 2.065005262761404
0.1658592120288631 7.555695660906974 2.0642235611729443 2.0642235611729443
0.16589257285704653 7.1478928622267945 2.063434716586168 2.063434716586168
0.16592593368523 6.735987053153238 2.0626489110435546 2.0626489110435546
0.16595929451341343 6.320791114160068 2.061860262948314 2.061860262948314
0.16599265534159688 5.90309272203819 2.061073120873205 2.061073120873205
0.1660260161697803 5.483668224626244 2.0602640989536734 2.0602640989536734
0.16605937699796378 5.06324947729342 2.059489534477347 2.059489534477347
0.1660927378261472 4.642580932987821 2.058705555316501 2.058705555316501
0.16612609865433065 4.222380090818137 2.0579112761103477 2.0579112761103477
0.1661594594825141 3.803347554760124 2.057125216976795 2.057125216976795
0.16619282031069751 3.3861777228330716 2.0563492257462195 2.0563492257462195
0.166226181138881 2.971564896419838 2.0555733766442765 2.0555733766442765
0.1662595419670644 2.560194886401975 2.0548000892966094 2.0548000892966094
0.16629290279524786 2.1527543948412533 2.0540361844770714 2.0540361844770714
0.16632626362343128 1.749939783714155 2.0532616200896463 2.0532616200896463
0.16635962445161476 1.3524342995244396 2.052527282389368 2.052527282389368
0.16639298527979818 0.9609589067257296 2.0517705974388143 2.0517705974388143
0.16642634610798163 0.5762200546954045 2.0510168984856065 2.0510168984856065
0.16645970693616507 0.19892874489816287 2.0502943339444735 2.0502943339444735
0.16649306776434852 -0.17016955596646693 2.049561127425303 2.049561127425303
0.16652642859253197 -0.5303431243986244 2.048840559562878 2.048840559562878
0.1665597894207154 -0.8808502434440592 2.0481412116805626 2.0481412116805626
0.16659315024889884 -1.2209285153692961 2.0474191473418593 2.0474191473418593
0.1666265110770823 -1.5498409369101593 2.0467263966960227 2.0467263966960227
0.16665987190526574 -1.8668335171951973 2.0460264306501688 2.0460264306501688
0.16669323273344916 -2.171174867682504 2.0453563223379243 2.0453563223379243
0.1667265935616326 -2.46213531772587 2.044694139844517 2.044694139844517
0.16675995438981606 -2.7390029351930325 2.0440163966176854 2.0440163966176854
0.1667933152179995 -3.00110415769312 2.043363703620209 2.043363703620209
0.16682667604618295 -3.247782428793173 2.042704095304285 2.042704095304285
0.16686003687436637 -3.478433786674845 2.0420726071234885 2.0420726071234885
0.16689339770254985 -3.6924766982375736 2.041420083277402 2.041420083277402
0.16692675853073327 -3.8894092047819795 2.040803459037044 2.040803459037044
0.16696011935891666 -4.068755501985328 2.040180809331569 2.040180809331569
0.1669934801871001 -4.230120369431067 2.0395600757112518 2.0395600757112518
0.16702684101528356 -4.3731712056851055 2.0389614242221348 2.0389614242221348
0.167060201843467 -4.497637459910834 2.038357994473414 2.038357994473414
0.16709356267165043 -4.603331883825449 2.0377679973198823 2.0377679973198823
0.1671269234998339 -4.690131928965911 2.03717953254592 2.03717953254592
0.16716028432801733 -4.7579956081059205 2.036583532544786 2.036583532544786
0.16719364515620078 -4.806964618404295 2.036016689089793 2.036016689089793
0.1672270059843842 -4.837137612515982 2.035440283178414 2.035440283178414
0.16726036681256765 -4.848697132604599 2.0348658674440983 2.0348658674440983
0.1672937276407511 -4.8418925821372705 2.0342988083542943 2.0342988083542943
0.16732708846893454 -4.817040479726868 2.033753744049992 2.033753744049992
0.167360449297118 -4.774496330900385 2.03317639607947 2.03317639607947
