tests/tests_xsuite/xsuite_origin/simulation_inputs/wake_potential/heb_wake_round_cu_30.0mm.csv
# %ECSV 1.0
# ---
# datatype:
# - {name: time, datatype: float64}
# - {name: longitudinal, datatype: float64}
# - {name: dipole_x, datatype: float64}
# - {name: dipole_y, datatype: float64}
# meta: !!omap
# - {origin: IW2D}
# - {author: Ali Rajabi}
# - {date of production: 2024/06/01}
# - {comments: Includes only resistive wall for a copper made round pipe}
# - {r_pipe: 0.03}
# schema: astropy-2.0
time longitudinal dipole_x dipole_y
[from data line 3123]
-0.06593182218969375 -72.31898505698774 -0.025946134100061215 -0.025946134100061215
-0.0658984613615103 -75.36459883728241 -0.022753842881459936 -0.022753842881459936
-0.06586510053332686 -78.14687889466906 -0.0194272229446115 -0.0194272229446115
-0.06583173970514342 -80.63517231597744 -0.01599625292283731 -0.01599625292283731
-0.06579837887695997 -82.79987135365569 -0.012488264736123363 -0.012488264736123363
-0.06576501804877652 -84.61288499752882 -0.008868382090799928 -0.008868382090799928
-0.06573165722059308 -86.04794964053261 -0.005213193327990634 -0.005213193327990634
-0.06569829639240964 -87.08119628022297 -0.001493902860223023 -0.001493902860223023
-0.0656649355642262 -87.69144222705309 0.002280194369556536 0.002280194369556536
-0.06563157473604275 -87.86053509999748 0.006042359847677137 0.006042359847677137
-0.06559821390785932 -87.57378272626282 0.00983818982747279 0.00983818982747279
-0.06556485307967587 -86.82005572205341 0.013575400913070062 0.013575400913070062
-0.06553149225149243 -85.592227526958 0.017311350490807363 0.017311350490807363
-0.06549813142330899 -83.88715125987683 0.020983940069116896 0.020983940069116896
-0.06546477059512554 -81.70590440017759 0.02459230101876918 0.02459230101876918
-0.06543140976694209 -79.05380474445687 0.028114944258328944 0.028114944258328944
-0.06539804893875865 -75.94038208017274 0.03149892593241411 0.03149892593241411
-0.0653646881105752 -72.37946471848356 0.03479812222770704 0.03479812222770704
-0.0653313272823918 -68.3888470544591 0.03793498111668879 0.03793498111668879
-0.06529796645420835 -63.99033417326345 0.04093311629565664 0.04093311629565664
-0.06526460562602492 -59.20935746850749 0.04372325620273185 0.04372325620273185
-0.06523124479784147 -54.07486310794368 0.04635179235829416 0.04635179235829416
-0.06519788396965802 -48.618870971004775 0.048787146072484064 0.048787146072484064
-0.06516452314147457 -42.87617136558303 0.05099271317006104 0.05099271317006104
-0.06513116231329114 -36.883996028085086 0.052991398778360725 0.052991398778360725
-0.06509780148510769 -30.681540698962873 0.05476991116093966 0.05476991116093966
-0.06506444065692425 -24.309541514782584 0.05627686012724518 0.05627686012724518
-0.0650310798287408 -17.809922707617265 0.0575465523963147 0.0575465523963147
-0.06499771900055737 -11.225260168321821 0.058564382811279306 0.058564382811279306
-0.06496435817237392 -4.598377147352053 0.059332076183101164 0.059332076183101164
-0.06493099734419049 2.0281159826372033 0.05981818943500148 0.05981818943500148
-0.06489763651600704 8.612198874806777 0.060046429654490224 0.060046429654490224
-0.06486427568782359 15.11287587984898 0.060031721327627366 0.060031721327627366
-0.06483091485964014 21.490604721080395 0.05972254965367831 0.05972254965367831
-0.0647975540314567 27.707521709788434 0.0592048137339771 0.0592048137339771
-0.06476419320327327 33.72795549898942 0.0583893761336105 0.0583893761336105
-0.06473083237508982 39.51851882466116 0.05733788445217492 0.05733788445217492
-0.06469747154690639 45.04848988954975 0.0560388858307919 0.0560388858307919
-0.06466411071872294 50.289959794207334 0.054518971802673295 0.054518971802673295
-0.0646307498905395 55.218061199251466 0.05275248911077139 0.05275248911077139
-0.06459738906235606 59.811019362836994 0.05079111541304495 0.05079111541304495
-0.06456402823417262 64.05030598341932 0.048632486317295026 0.048632486317295026
-0.06453066740598916 67.92068251810575 0.046287074032938455 0.046287074032938455
-0.06449730657780572 71.4102136194774 0.04370875150533743 0.04370875150533743
-0.06446394574962228 74.51009311505324 0.04102989374507326 0.04102989374507326
-0.06443058492143884 77.21487374947257 0.03815298570230601 0.03815298570230601
-0.06439722409325539 79.52208371282052 0.035140425052019954 0.035140425052019954
-0.06436386326507196 81.43220765698139 0.032015524135683156 0.032015524135683156
-0.06433050243688851 82.94855736349345 0.028793743719066272 0.028793743719066272
-0.06429714160870507 84.077057752117 0.025463406521674285 0.025463406521674285
-0.06426378078052163 84.82600597653912 0.02204375836061521 0.02204375836061521
-0.06423041995233819 85.20583867529082 0.018572269516394777 0.018572269516394777
-0.06419705912415473 85.22897467794013 0.015012522279950771 0.015012522279950771
-0.0641636982959713 84.90939108860461 0.011446602529924245 0.011446602529924245
-0.06413033746778785 84.26251190637294 0.007857713406298216 0.007857713406298216
-0.06409697663960441 83.30484810586432 0.004263743431259585 0.004263743431259585
-0.06406361581142096 82.05374140835349 0.0006597760953837858 0.0006597760953837858
-0.06403025498323756 80.52705990807146 -0.0029174993288207858 -0.0029174993288207858
-0.06399689415505411 78.74293922390675 -0.006460242554667146 -0.006460242554667146
-0.06396353332687067 76.71952921851386 -0.009959068646521206 -0.009959068646521206
-0.06393017249868721 74.47472309078896 -0.013406242576928256 -0.013406242576928256
-0.06389681167050378 72.02591242204504 -0.01679193898714499 -0.01679193898714499
-0.06386345084232033 69.38975847671317 -0.02007948289309726 -0.02007948289309726
-0.06383009001413689 66.582071506971 -0.023298333195834773 -0.023298333195834773
-0.06379672918595344 63.617515685586035 -0.026427231136769234 -0.026427231136769234
-0.06376336835777001 60.50951423396636 -0.0293992267739586 -0.0293992267739586
-0.06373000752958656 57.270243033948255 -0.03228416790030089 -0.03228416790030089
-0.06369664670140313 53.910410875110166 -0.03508111277969857 -0.03508111277969857
-0.06366328587321968 50.4391826831383 -0.03766018681903334 -0.03766018681903334
-0.06362992504503624 46.864432779228395 -0.04016980308926365 -0.04016980308926365
-0.0635965642168528 43.192434488652566 -0.042486491114408 -0.042486491114408
-0.06356320338866935 39.42820332739117 -0.04467143732544305 -0.04467143732544305
-0.0635298425604859 35.57543492611299 -0.04667722710715791 -0.04667722710715791
-0.06349648173230246 31.636722061179402 -0.048473958855055045 -0.048473958855055045
-0.06346312090411901 27.61379935278965 -0.050159089259604085 -0.050159089259604085
-0.06342976007593558 23.507495085139805 -0.05159365998849236 -0.05159365998849236
-0.06339639924775213 19.318329525351075 -0.052892030758074755 -0.052892030758074755
-0.0633630384195687 15.046431322140487 -0.053961348120202667 -0.053961348120202667
-0.06332967759138525 10.69207254990746 -0.054863531473261416 -0.054863531473261416
-0.06329631676320181 6.2557581615245645 -0.0555470833845382 -0.0555470833845382
-0.06326295593501836 1.7386783092976001 -0.05603400541592249 -0.05603400541592249
-0.06322959510683492 -2.8570787115391485 -0.0563352242435677 -0.0563352242435677
-0.06319623427865147 -7.5283063916559545 -0.05635812220955533 -0.05635812220955533
-0.06316287345046803 -12.270139196262534 -0.05623454760765626 -0.05623454760765626
-0.06312951262228458 -17.07617404463295 -0.05585364255345456 -0.05585364255345456
-0.06309615179410115 -21.93794201087987 -0.05523637552641169 -0.05523637552641169
-0.0630627909659177 -26.84479332181579 -0.054430419209869095 -0.054430419209869095
-0.06302943013773427 -31.783843407645932 -0.053390592573498714 -0.053390592573498714
-0.06299606930955082 -36.739735089574665 -0.05213297199023022 -0.05213297199023022
-0.06296270848136738 -41.69462748878088 -0.05066177184788737 -0.05066177184788737
-0.06292934765318393 -46.62819936990113 -0.04896606874726887 -0.04896606874726887
-0.06289598682500049 -51.51763001700582 -0.04709165407738483 -0.04709165407738483
-0.06286262599681704 -56.337833296022566 -0.044960280885008225 -0.044960280885008225
-0.0628292651686336 -61.06140940802956 -0.042653948766764524 -0.042653948766764524
-0.06279590434045015 -65.65905065952236 -0.04014799203556431 -0.04014799203556431
-0.06276254351226672 -70.09973135304273 -0.03743008831204032 -0.03743008831204032
-0.0627291826840833 -74.35096091199436 -0.03455025650085485 -0.03455025650085485
-0.06269582185589986 -78.37926401676525 -0.03148474497762979 -0.03148474497762979
-0.06266246102771642 -82.15048302071554 -0.028271653798676025 -0.028271653798676025
-0.06262910019953297 -85.63028275672012 -0.024905275359321702 -0.024905275359321702
-0.06259573937134952 -88.78459018588735 -0.02137832083222786 -0.02137832083222786
-0.06256237854316608 -91.57998504802244 -0.017779291186874355 -0.017779291186874355
-0.06252901771498263 -93.98438418658347 -0.014049621099385694 -0.014049621099385694
-0.0624956568867992 -95.96732890163862 -0.010230677402466666 -0.010230677402466666
-0.06246229605861575 -97.50060949407381 -0.006318869861691949 -0.006318869861691949
-0.06242893523043232 -98.5586245976324 -0.0023477702402492236 -0.0023477702402492236
-0.06239557440224887 -99.1188543053388 0.0016292170638656756 0.0016292170638656756
-0.06236221357406543 -99.16234298932855 0.005643192392326756 0.005643192392326756
-0.06232885274588198 -98.673956947392 0.009675782889451283 0.009675782889451283
-0.062295491917698544 -97.64269544577706 0.013660195983114132 0.013660195983114132
-0.062262131089515095 -96.06205459839747 0.017615585011625814 0.017615585011625814
-0.06222877026133165 -93.9301301720587 0.021507318116068846 0.021507318116068846
-0.062195409433148205 -91.24978885793085 0.02532041016822057 0.02532041016822057
-0.06216204860496477 -88.02872455898289 0.02900528802931781 0.02900528802931781
-0.06212868777678132 -84.27953843121239 0.032610986793962314 0.032610986793962314
-0.06209532694859789 -80.01950269356736 0.0360357847066167 0.0360357847066167
-0.06206196612041444 -75.27065050249757 0.03931509752103648 0.03931509752103648
-0.062028605292231 -70.05943014924274 0.04243389090934021 0.04243389090934021
-0.06199524446404755 -64.41647242644272 0.045331904974375004 0.045331904974375004
-0.061961883635864114 -58.376370233871086 0.048043476411977176 0.048043476411977176
-0.061928522807680665 -51.9772140845254 0.0505326830852954 0.0505326830852954
-0.061895161979497224 -45.260211176539876 0.05274076568629354 0.05274076568629354
-0.061861801151313775 -38.26935859552891 0.05473802208247851 0.05473802208247851
-0.06182844032313034 -31.050777483499953 0.05644788322633698 0.05644788322633698
-0.061795079494946906 -23.652403591176995 0.05789766622704863 0.05789766622704863
-0.06176171866676346 -16.123374377308934 0.059082846275140086 0.059082846275140086
-0.061728357838580016 -8.51351175502854 0.05999436462023549 0.05999436462023549
-0.06169499701039657 -0.8728305530733751 0.06059318022594328 0.06059318022594328
-0.06166163618221313 6.748898453264062 0.060934599019248324 0.060934599019248324
-0.061628275354029684 14.302809520184816 0.06097190698212301 0.06097190698212301
-0.06159491452584625 21.741269251854984 0.060705557381240276 0.060705557381240276
-0.0615615536976628 29.018353839581657 0.06015074388755769 0.06015074388755769
-0.06152819286947936 36.090285101537205 0.059321916058338434 0.059321916058338434
-0.06149483204129591 42.91580600494595 0.05823187390703407 0.05823187390703407
-0.061461471213112476 49.456508729442874 0.05685973886500471 0.05685973886500471
-0.06142811038492905 55.67712350289541 0.05519729033077473 0.05519729033077473
-0.0613947495567456 61.54568351583712 0.053323201055953486 0.053323201055953486
-0.061361388728562165 67.0338732260167 0.05119740424512194 0.05119740424512194
-0.061328027900378716 72.1170287846185 0.04885514416419952 0.04885514416419952
-0.06129466707219528 76.77430877440437 0.046288348191562745 0.046288348191562745
-0.06126130624401184 80.9886955391168 0.04351656528024955 0.04351656528024955
-0.06122794541582839 84.74697697469979 0.04057593427642733 0.04057593427642733
-0.06119458458764496 88.03975514898836 0.037462009602603846 0.037462009602603846
-0.06116122375946151 90.8612871751293 0.03419329722760178 0.03419329722760178
-0.06112786293127807 93.20934598214671 0.030778878400982854 0.030778878400982854
-0.06109450210309462 95.08507154521153 0.02724064662729083 0.02724064662729083
-0.06106114127491118 96.49272593616179 0.023590329342070497 0.023590329342070497
-0.061027780446727735 97.43942581467945 0.0198843624315141 0.0198843624315141
-0.0609944196185443 97.9349530002858 0.016108308938791636 0.016108308938791636
-0.06096105879036085 97.99138308656994 0.012278333997797665 0.012278333997797665
-0.06092769796217741 97.6228061799617 0.008395286617051937 0.008395286617051937
-0.06089433713399396 96.8449462368871 0.004525218707786427 0.004525218707786427
-0.06086097630581053 95.67496084479465 0.0006240355528810978 0.0006240355528810978
-0.06082761547762708 94.13096856584691 -0.003264387851889726 -0.003264387851889726
-0.06079425464944364 92.23176946048746 -0.007079977103432445 -0.007079977103432445
-0.06076089382126019 89.9966527622634 -0.010868589843896114 -0.010868589843896114
-0.060727532993076754 87.44490157981241 -0.014587595584295376 -0.014587595584295376
-0.060694172164893305 84.59572992637011 -0.01828827237894786 -0.01828827237894786
-0.06066081133670987 81.46771828573695 -0.021808770347991824 -0.021808770347991824
-0.06062745050852642 78.07905896597771 -0.02527347115567707 -0.02527347115567707
-0.06059408968034298 74.4469156332941 -0.028608188297052268 -0.028608188297052268
-0.06056072885215953 70.58759644055492 -0.03185221253769818 -0.03185221253769818
-0.0605273680239761 66.51618717204391 -0.03488859101521219 -0.03488859101521219
-0.06049400719579265 62.246788852396726 -0.037794930393627704 -0.037794930393627704
-0.060460646367609214 57.79226659678052 -0.04056473596840495 -0.04056473596840495
-0.06042728553942576 53.16431050043701 -0.043139374424507146 -0.043139374424507146
-0.060393924711242324 48.3736050117813 -0.04555139283185527 -0.04555139283185527
-0.060360563883058875 43.429805468335296 -0.047752316957345636 -0.047752316957345636
-0.06032720305487544 38.34183189384787 -0.049769259627989275 -0.049769259627989275
-0.06029384222669199 33.11791235572574 -0.05157341193277777 -0.05157341193277777
-0.06026048139850855 27.76588934856922 -0.05314463795827478 -0.05314463795827478
-0.0602271205703251 22.29344594699382 -0.054486459257144 -0.054486459257144
-0.06019375974214167 16.708405897449914 -0.05563596320887703 -0.05563596320887703
-0.06016039891395822 11.018874177628003 -0.056543703544140116 -0.056543703544140116
-0.060127038085774805 5.23368826126912 -0.057200567894572056 -0.057200567894572056
-0.060093677257591356 -0.6373622594984129 -0.05764594642805879 -0.05764594642805879
-0.06006031642940792 -6.583331251646537 -0.05781038918792071 -0.05781038918792071
-0.06002695560122447 -12.591718416352277 -0.05771529169842087 -0.05771529169842087
-0.05999359477304103 -18.648290030986097 -0.05739456284391694 -0.05739456284391694
-0.05996023394485758 -24.736922996725824 -0.05682350459501382 -0.05682350459501382
-0.05992687311667415 -30.83940601905487 -0.055974530018561466 -0.055974530018561466
-0.0598935122884907 -36.9352189934068 -0.054886663522237124 -0.054886663522237124
-0.059860151460307265 -43.001598322569706 -0.053561078787777244 -0.053561078787777244
-0.05982679063212381 -49.013465606258634 -0.05194417078836141 -0.05194417078836141
-0.059793429803940375 -54.94332664489398 -0.05014264816344307 -0.05014264816344307
-0.059760068975756926 -60.761614414424585 -0.04809510427717941 -0.04809510427717941
-0.05972670814757349 -66.43666804050224 -0.045774903435885535 -0.045774903435885535
-0.05969334731939004 -71.93490691097817 -0.043250697131002415 -0.043250697131002415
-0.0596599864912066 -77.22121963406313 -0.04051886456420872 -0.04051886456420872
-0.05962662566302315 -82.2592628471341 -0.03755171569433831 -0.03755171569433831
-0.05959326483483972 -87.01172764237432 -0.03439904640724839 -0.03439904640724839
-0.05955990400665627 -91.44088581071749 -0.03106563873045407 -0.03106563873045407
-0.059526543178472835 -95.50895316771152 -0.02756362977181058 -0.02756362977181058
-0.059493182350289386 -99.17863993799676 -0.0238993741085337 -0.0238993741085337
-0.059459821522105945 -102.4135884361906 -0.020100139948336107 -0.020100139948336107
